155868
143390
140513
149203
162927
117992
130338
157461
124958
122068
139800
122559
126542
152288
194519
161075
158876
145884
109108
193326
118305
137152
178467
136230
109905
166142
195534
139200
177824
139194
188327
192546
152503
118284
168528
155672
158305
104474
115133
151036
109226
152985
185913
177699
100090
103525
161097
169219
127627
144974
192840
126798
107827
114350
110308
185775
198422
132446
100445
101466
178261
186012
176086
165649
132535
186102
143540
139351
136822
181064
146030
154298
186378
151401
155387
178663
112567
141871
192708
139173
143555
179347
101244
149439
126025
101251
166829
174792
178748
175750
160880
152153
162196
167763
156062
115087
157291
158267
115362
192997