94 23 12 67
20 47 32 87
86 70 60 11
57 22 61 74
76 58 90 72
31 44 22 11
51 18 80 13
13 64 10 57
41 75 42 26
27 85 99 43
74 99 18 19
24 61 40 25
68 49 19 30
87 25 91 33
56 55 68 42
95 77 94 17
51 21 96 66
12 62 14 36
84 38 92 83
20 22 34 62
68 22 34 14
28 66 56 24
88 70 28 38
99 52 59 73
28 69 97 47
16 95 80 21
69 49 81 65
64 52 31 39
53 41 19 89
16 41 31 45
22 86 52 97
37 73 55 64
72 54 21 30
67 93 14 48
26 85 32 50
82 17 89 27
48 29 77 36
93 15 91 20
66 87 37 96
10 81 95 46
18 23 61 23
54 98 17 38
26 32 16 40
77 30 75 43
15 56 80 60
17 16 39 83
71 13 35 44
35 49 50 15
14 21 26 98
70 81 87 71
52 59 94 36
59 81 19 57
59 16 84 28
35 35 65 62
67 39 46 63
86 86 91 17
74 55 25 30
46 20 32 11
58 97 27 56
44 92 10 67
36 51 41 58
63 24 19 75
74 20 35 77
82 45 85 26
40 45 98 34
54 54 11 69
36 29 31 58
79 31 53 47
95 12 93 42
63 29 42 24
75 88 99 78
50 25 34 76
43 65 84 43
23 72 89 98
37 55 79 68
29 29 62 13
79 21 43 47
78 66 76 18
76 48 60 46
41 78 78 37
84 94 89 39
82 49 42 80
79 30 28 50
38 18 23 57
24 27 65 53
63 11 83 37
39 45 40 12
33 44 14 38
70 88 46 15
44 25 61 34
82 12 92 33
96 85 73 83
51 60 32 92
10 97 73 90
88 33 71 69
48 27 13 91
53 64 93 15
96 40 90 33
90 72 71 45