1001 1001 1000 1001
1007 3489 1002 1006
7044 1009 1002 1002
1002 1003 1008 1009
1007 1006 5771 1001
1004 4639 1003 1009
1002 1008 1008 1002
1002 1006 5236 1002
1000 1003 1001 1000
1002 1008 6532 1001
1000 1008 1007 1006
1000 1009 1009 3482
9358 1000 1006 1004
1004 3001 1003 1007
1002 1005 1007 1003
1005 1004 1005 1009
1007 1004 1007 1007
1005 1006 1003 1008
1007 1000 1008 1007
1000 1005 1006 1000
1007 1001 4434 1003
1004 1000 7886 1007
1000 2916 1009 5218
1005 1007 1005 1000
1004 9871 1008 1006
1001 1006 1009 1002
5566 1007 1001 1001
1005 1002 1002 1008
1000 1009 1007 1008
1006 1009 1000 1007
1001 1003 1003 1000
1001 1001 1009 1004
1005 1005 1009 1001
1002 1002 1004 1005
1006 1000 1002 1008
1007 1006 1000 1005
1008 6598 7877 8889
1007 1004 1000 1005
1008 1007 1004 1003
1001 1002 1004 1006
1007 1009 1008 1002
1004 1006 1009 1003
1005 1002 1002 1007
1004 1002 1006 1003
1000 1009 1002 1007
1006 1003 1000 1003
1008 4389 1008 1003
1000 1002 1007 1006
1002 1004 1006 7687
1004 1005 1005 1002