3663 3126
3741 2607
3995 2773
3574 3072
3727 2558
3991 3370
3685 3163
3524 2641
3941 2510
3851 3036
3981 2750
3776 3232
3847 3367
3902 3290
3793 2951
3696 3488
3687 2597
3679 2955
3638 3350
3673 3050
3603 2565
3682 2754
3559 3458
3972 2850
3970 3226
3642 2694
3837 3309
3669 3486
3980 3405
3519 2839
3827 3201
3701 3275
3501 3331
3886 2988
3835 2949
3605 2747
3758 3247
3767 2705
3514 3082
3987 3235
3982 3291
3954 3165
3546 2680
3695 3076
3628 3225
3939 3197
3881 3413
3535 3281
3976 3394
3599 2805
3964 2835
3592 2522
3706 2535
3915 2727
3805 3295
3724 3182
3622 2589
3933 2873
3990 2753
3528 3361
3745 3345
3866 2948
3797 2757
3563 3259
3907 3233
3668 3144
3719 3415
3989 3390
3838 3382
3715 2985
3944 3236
3841 3328
3976 1989
3565 2791
3820 3245
3792 3481
3814 2970
3858 2542
3855 3253
3544 3204
3505 3284
3895 2734
3737 3180
3816 3347
3754 2914
3552 2876
3556 3016
3581 2829
3671 3009
3746 2766
3646 2882
3641 3083
3808 3227
3766 3241
3530 3013
3812 3040
3541 2624
3918 2544
3555 2636
3516 2921
3626 3055
3634 2832
3578 2775
3999 3161
3508 2896
3680 3133
3935 3279
3649 2820
3662 2696
3815 2557
3712 3440
3590 2518
3888 3240
3731 2592
3864 2934
3863 2982
3852 3300
3717 2828
3948 2547
3985 3398
3607 2742
3537 3434
3917 2784
3595 2936
3824 2715
3757 3177
3602 2801
3587 3484
3836 2797
3623 2800
3950 3120
3709 2625
3732 3353
3949 2667
3636 3380
3705 3166
3914 3145
3744 2941
3652 2719
3566 3254
3700 3700
3840 3113
3656 2637
3637 2919
3786 3037
3759 3067
3934 2847
3721 2819
3700 3702
3867 3038
3870 3199
3736 2961
3648 3064
3762 3034
3873 2695
3572 2902
3832 3059
3609 2591
3697 2840
3539 3110
3647 2953
3899 3164
3538 2997
3619 3412
3573 3080
3660 2551
3611 2679
3631 2610
3777 2918
3548 2984
3883 2892
3606 3298
3568 2937
3931 2578
3691 2809
3788 3355
3688 3213
3817 3292
3643 2550
3783 3436
3714 2755
3511 3208
3654 3341
3880 3234
3526 3391
3703 3022
3959 3454
3782 2616
3825 3131
3752 3175
3850 2699
3518 3171
3734 2748
3928 3007
3711 3184
3823 3287
3922 2662
3819 2907
3775 2823
3575 3480
3829 3116
3689 2741
3702 3417
3684 3449
3503 3109
3946 3263
3676 3477
3882 3167
3729 2946
3750 3293
3678 3289
3577 3495
3564 3104
3698 2646
3708 2709
3675 3416
3878 3196
3785 3383
3929 3342
3570 2860
3742 3395
3726 3443
3830 3324
3551 2664
3723 3123
7202 3602
3957 3023
3755 3374
3791 3369
3998 2895
3802 2888
3525 3432
3550 2891
3875 3157
3860 2989
3779 2530
3738 2504
3763 3012
3906 2745
3681 3362
3635 2590
3803 2670
3920 2620
3790 3073
3693 2698
3961 3001
3653 2869
3984 2668
3854 3500
3913 2879
3627 3162
3579 2788
3904 3137
3769 2613
3699 3138
3926 2564
3585 2512
3561 3185
3833 3039
3900 3203
3872 2865
3621 2595
3784 2502
3521 2720
3994 2764
3536 3409
3601 3402
3720 3054
3534 2868
3932 2627
3940 2690
3700 2963
3618 3396
3658 2848
3938 2864
3740 2983
3960 3266
3893 3095
3751 3452
3896 3319
3898 2517
3547 3261
3843 2500
3735 3189
3753 2912
3667 3321
3965 3365
3588 3147
3818 3042
3567 2723
3639 3128
3772 2631
3677 2872
3930 2811
3604 2969
3710 2845
3869 2926
3986 3312
3780 3079
3760 3008
3800 2874
3586 2717
3569 3220
3890 3134
3937 2973
3787 3102
3633 3060
3560 3256
3558 3403
3801 2686
3910 2759
3507 3045
3764 3142
3911 2739
3809 2730
3543 2862
3923 3172
3615 2893
3798 2942
3789 3108
3591 2724
3509 3366
3557 3310
3924 2600
3876 3439
3533 2796
3912 2718
3582 2713
3527 2998
3614 2894
3856 3352
3778 2635
3625 3097
3894 2687
3616 2640
3598 2615
3974 2623
3845 3433
3956 2586
3596 3384
3608 3127
3958 3373
3799 2783
3862 3044
3576 2521
3613 3464
3686 2944
3571 3101
3828 3069
3967 3427
3826 2534
3594 2523
3996 2654
3901 2693
3589 3251
3978 2780
3549 2561
3842 2568
3813 2981
3810 2889
3936 3005
3506 3024
3644 2831
3903 2957
3502 2612
3834 3085
3811 3368
3593 2960
3887 3316
3725 3243
3665 3084
3651 3426
3771 2930
3879 3168
3853 2790
3655 2999
3885 2577
3542 2886
3909 2992
3897 3438
3983 2594
3707 3422
3973 2744
3891 2938
3504 3306
3993 3219
3510 2856
3877 2884
3871 2571
3584 2890
3562 2574
3722 2608
3545 2599
3968 2851
3739 3336
3520 2903
7198 3600
3730 2964
3952 2905
3718 3487
3889 3192
3529 2993
3951 2740
3650 2774
3553 3106
3659 3339
3919 2821
3971 2932
3612 3478
3927 3061
3848 3304
3743 3407
3617 2555
3859 2743
3597 2787
3515 3228
3657 3348
3921 3169
3733 3482
3624 3450
3765 3215
3849 3065
3773 3476
3768 2567
3997 2962
3947 2798
3661 3418
3846 3269
3531 3393
3610 2651
3630 2569
3821 3112
3690 3273
3683 3299
3532 3027
3844 2529
3955 2977
3868 3017
10 10
3806 3492
3770 3489
3992 2676
3839 2897
3857 2732
3977 2659
3908 2622
3664 2582
3674 2728
3966 3028
3975 3173
3512 2562
3629 3046
3988 3288
3540 2838
7200 3601
3804 2979
3645 2633
3704 3419
3748 3118
3962 2950
3807 3146
3925 2683
3522 2554
3517 2959
3728 2923
3884 2940
3583 2858
3822 2674
3756 2731
3620 3124
3796 3320
3969 3317
3916 2752
3513 2996
3874 2596
3905 2968
3794 3463
3666 3193
3672 2701
3865 3376
3640 2658
3831 3475
3692 2519
3943 2972
3716 2609
3774 3459
3781 2541
3700 3701
3632 2660
3945 3098
3892 3326
3942 3077
3523 3285
3580 3423
3713 3483
3953 3255
3694 3283
3795 3378
3861 3462
3749 3387
3747 2818
3963 2712